10160355000
10160360000
10160390000
10160395001
10160400001
10160402000
10160403000
10160419000
10160425000
10160425001
10160430000
10160444000
10160445000
10160457000
10160461000
10160468000
10160475000
10160490000
10160518000
10160522000
10160525000
10160531000
10160531001
10160535000
10160536000
10160540000
10160545000
10160545001
10160549000
10160549001
10160550000
10160550001
10160555000
10160559000
10160560000
10160566000
10160571000
10160580000
10160581000
10160590000
10160602000
10160607000
10160611000
10160620000
10160630000
10160630001
10160630002
10160656000
10160670000
10160680000
10266104000
10266140001
10266152000
10266160000
10266215000
10266226000
10266240000
10266270001
10266285000
10266305001
10266318000
10266325000
10266390000
10266410000
10266422000
10266447000
10266460001
10365306000
10365319000
10365330000
10365330001
10365335000
10365338000
10365344000
10468024001
10468026000
10468032000
10468054000
10468148000
10468226000
10468244000
10468328000
10565501000
10565502000
10565503000
10565507000
10565510000
10565516000
10565522000
10664390000
10664390001
10764851000
10764860000
10764870000
10764880000
10764880001
10764882000
10764890000
10764893000
10764900000
10764900001
10764901000
10764910000
10764911000
10764920000
10764931000
10764931001
10764931002
10764950000
10764950001
10764950002
10764950003
10764960000
10764961000
10764971000
10808583000
10808589000
10808594000
10964600000
10964601000
10964605000
10964610000
10964610001
10964650000
10964654000
10964655000
10964656000
10964658000
10964659000
10964660000
10964661000
10964662000
11064700000
11064701000
11064702000
11064705000
11064706000
11064708000
11064709000
11064750000
11064751000
11064753000
11064754000
11064756000
11064758000
11161968000
11161970000
11161972000
11167001001
11167004000
11264400000
11264401000
11264402000
11264403000
11264405000
11264450000
11264452000
11264453000
11264454000
11264456000
11264458000
11264459000
11264460000
11365528000
11365536000
11365536001
11365545000
11365548000
11365555000
11365557000
11365560000
11365562000
11365563000
11365578000
11365585000
11365592000
11365594000
11365599000
11463125000
11562300000
11562301001
11562306000
11562315001
11562315002
11562318000
11562332000
11562338000
11562366000
11562371001
11562378000
11562387000
11562392000
11562402001
11562405000
11562414000
11562416001
11562420000
11562432000
11562435000
11562440000
11562450001
11562459000
11562464001
11562465000
11663021000
11663023000
11663043000
11763331000
11763332000
11763333000
11763334000
11763402000
11763403000
11763450000
11763453000
11763471000
11763473001
11763533000
11864501001
11864503000
11864504000
11864504001
11864507000
11864510000
11864545000
11864550000
11864551001
11864552000
11864556000
11864560001
11864565000
11864565001
11965401000
11965404000
11965418001
11965432000
11965442000
11965465000
11965467000
11965472000
12061809000
12061811000
12061816000
12061818000
12061820000
12061829000
12061832000
12061847000
12061849000
12161766000
12161769000
12263612000
12263619000
12263624000
12263661000
12263671000
12263686000
12263708000
12263708001
12263714000
12263723000
12263737000
12263740000
12263741001
12263742001
12263766000
12263772000
12263799000
12263820000
12365660000
12365660001
12462002000
12462007000
12462007001
12462008000
12462008001
12462008002
12462008003
12462010000
12462010001
12462010002
12462010003
12462010004
12462010006
12462012000
12462012001
12462012002
12462016000
12462016001
12462019000
12462053000
12462053001
12462055000
12462056000
12462059000
12462062001
12462103000
12462124000
12462131000
12462161000
12462176000
12462271000
12567009000
12567019000
12567025000
12567027000
12567073000
12567083000
12567095000
12567143000
12567161000
12567197000
12667423000
12667485000
12667489000
12667585001
12667692001
12667693000
12761202000
12761214000
12761223000
12761226000
12761230000
12761240000
12761250000
12761257000
12761265000
12761270000
12761272000
12761277000
12761285000
12761291000
12761293000
12761296000
12761297000
12861401000
12861404001
12861415000
12861421000
12861437000
12861442000
12861450000
12861461000
12861489000
12861497000
12861498000
12861499000
12961986000
12961988000
12961990000
12961995001
13060060000
13060101001
13060120001
13060136001
13060141001
13060150000
13060155000
13060156000
13060190000
13060220001
13060230000
13060230001
13060250000
13060265000
13060318001
13167215000
13167217000
13167237000
13167241000
13167261000
13167283000
13167295001
13167297000
13167323000
13167341000
13268014000
13268110000
13268112000
13268300000
13268312000
13361017000
13361024000
13361036000
13361043000
13361049000
13361052000
13361075000
13361080000
13361090000
13361091000
13361096000
13361099000
13465010000
13465046000
13465082000
13465101000
13465123000
13465134000
13465167000
13465201000
13465208000
13465236000
13465243000
13465250000
13465257000
13465264000
13465271000
13661931000
13661934000
13761600000
13761612000
13761627000
13761630000
13761641000
13761641001
13761641002
13761666000
13761679000
13761687000
13761695000
13761698000
13761699000
13861974000
13863980000
13961856000
13961866000
13961873001
13961878000
13961881000
13961886000
13961891000
14063160000
14063170000
14063175000
14063175001
14063210000
14063225000
14063230000
14063240000
14063247000
14063250000
14063260000
14063270000
14168174000
14168176000
14168180000
14168192001
14168242001
14168250001
14168252001
14168252002
14168262000
14168262001
14168263001
14168268000
14168288000
14168296000
14168338001
14168350000
14168368000
14168369001
14168369002
14168369003
14168369004
14168370000
14168370001
14168378001
14168406000
14168408000
14168424000
14168438000
14168438001
14168442000
14168442001
14168461000
14168478000
14168479000
14168496000
14168498001
14168512001
14168524000
14168538000
14168546000
14168550000
14168580000
14168584000
14168584001
14168588000
14168614000
14168618000
14168624000
14168638001
14168648000
14168674001
14168712000
14168714001
14168722000
14168728000
14168736001
14168752001
14168752002
14168754000
14168816000
14168816001
14168816002
14168816004
14168816005
14168828000
14168828001
14168842000
14168842001
14168842002
14168858000
14168902000
14168906000
14168916000
14168920000
14168928001
14168938000
14168994000
14361997000
14361998000
14761901000
14789042000
14862600000
14862640000
14862641000
14862650000
14862652000
14862652001
14862660000
14862671000
14862680000
14862700000
14862721000
14862722000
14862730000
14862733000
14862750000
14862751000
14862752000
14862752001
14862760000
14862762000
14862770000
14862770001
14862771000
14862772000
14862774001
14862781000
14862790000
14862795000
14862805000
14862805001
14862810000
14862840000
14862840001
14862880000
14862941000
14862941001
14963756000
14963790000
14963801000
14963832000
14963844000
14963845001
14963862000
14963870000
14963894000
14963932000
14963962000
14963971000
15061701000
15061721000
15165351000
15165352000
15165355000
15165357000
15165361000
15165376000
15165380000
15165387000
15260714000
15260715000
15260720000
15260725000
15260735000
15260740000
15260745000
15260750000
15260760001
15260765000
15260769001
15260775000
15363630000
15363674001
15363680000
15363705000
15363705001
15464005000
15464014000
15464015001
15464018000
15464034000
15464040000
15464062000
15464074000
15464115000
15464146000
15464155000
15464180000
15464184000
15464201001
15464207000
15464210000
15464222000
15464224000
15464235000
15464246000
15464282000
15464285000
15464315000
15464348000
15464360000
15567413001
15567441000
15567461000
15567475000
15567477000
15567541000
15567561000
15567581000
15567633000
15567663000
15567665000
15567666000
15567743000
15567753000
15667765000
15667774000
15667775000
15667867001
15667895001
15667895002
15667964000
15667975000
15667983000
15761996000
15861902000
15960010000
15960015000
15960020000
15960030000
15960035000
16060320000
16161967000
16268461001
16367005000
16561980000
16561984000
16861976000
16960096000
20140911000
20140938000
20140942000
20140948000
20140990000
20241150000
20341859000
20341863000
20341883000
20341886000
20341891000
20341895000
20341898001
20341907001
20341915001
20341923000
20341923001
20341929000
20341933000
20341933001
20341936000
20341946000
20341947001
20341950000
20341953001
20341966000
20341977000
20341978000
20341992000
20448966000
20448972000
20448985000
20448991000
20448995000
20545005000
20550136000
20550353000
20550434000
20550468000
20550527000
20550548000
20550557000
20550564000
20550603000
20550603001
20550632000
20550658000
20550727000
20550745000
20550756000
20550774000
20550788000
20550844000
20550854000
20550888000
20550915001
20550915002
20550949000
20550953000
20550963000
20550968000
20550978000
20550983000
20551053000
20551076000
20551087000
20551133000
20551156000
20551243000
20551288000
20551334000
20551379000
20551431000
20551463000
20551467000
20551495000
20551495001
20551542000
20551644000
20551656000
20551709000
20551711000
20551716000
20551730000
20551765000
20551777000
20551811000
20551818000
20551828000
20551848000
20551848001
20551886000
20552118000
20552203000
20552267000
20552323000
20552378001
20552418000
20552418001
20552436000
20552495000
20552533000
20552533001
20552602000
20552652000
20552681000
20552713000
20552737000
20552754000
20552787000
20552818000
20552836000
20552836001
20552866000
20552866001
20552889000
20552908000
20552957000
20552996000
20553068000
20553083000
20553149000
20553192000
20553231000
20553276000
20553336000
20553352001
20553391000
20553463001
20553480000
20553487000
20553502000
20553513000
20553529000
20553543000
20553564000
20553564001
20553588000
20553593000
20553614000
20553614001
20553646000
20553673000
20553698000
20553705000
20553723000
20553764000
20553772000
20553787000
20553798000
20553845000
20553863000
20553898000
20553915000
20553923000
20553959000
20553975000
20554012000
20554026000
20554027000
20554049000
20554094000
20554096000
20554102000
20554115000
20554135000
20554157000
20554161000
20554186000
20554208000
20554218000
20554226000
20554236000
20554236001
20554259000
20554273000
20554292000
20554308000
20554311000
20554324000
20554337000
20554337001
20554342000
20554346001
20554374000
20554377000
20554377001
20554386001
20554401000
20554405000
20554423000
20554436000
20554471000
20554471001
20554493000
20554497000
20554509001
20554511000
20554527000
20554534000
20554539000
20554602000
20554616000
20554662000
20554715001
20554725000
20554751001
20554753000
20554776000
20554808000
20554823000
20554826000
20554836000
20554843000
20554857000
20554863000
20554863001
20554916000
20554938000
20554945000
20554945001
20555228000
20555279000
20555299000
20555472000
20555578000
20555591000
20555664000
20555696000
20555773000
20556004000
20556018000
20556021000
20556029000
20556033000
20556046000
20556065000
20556079000
20556080000
20556080001
20556080002
20556096000
20556106000
20556116000
20556137000
20556144000
20556146000
20556152000
20556167000
20556172000
20556172001
20556182000
20556193000
20556196000
20556247000
20556257000
20556287000
20556294000
20556312000
20556357000
20556374000
20556385000
20556385001
20556444000
20556462000
20556492000
20556571000
20556586000
20556586001
20556651000
20556671000
20556684000
20556691000
20556739000
20556748000
20556751000
20556763000
20556778000
20556786000
20556786001
20556838000
20556886000
20556946001
20556951000
20556954000
20556959000
20556964000
20556966000
20556969000
20556977000
20556985000
20556985001
20557006000
20557016000
20557036000
20557046000
20557067000
20557071001
20557083000
20557127000
20557178000
20557193000
20557237000
20557245000
20557259000
20557259001
20557265000
20557279000
20557290000
20557297000
20557306000
20557306001
20557328000
20557348000
20557378000
20557399000
20557411000
20557411001
20557426000
20557447000
20557461000
20557476000
20557494000
20557494001
20557504000
20557516000
20557516001
20557554000
20557584000
20557598000
20557602000
20557602001
20557633000
20557633001
20557655000
20557662000
20557679000
20557707000
20557713000
20557713001
20557731000
20557745000
20557766000
20557776000
20557776001
20557793000
20557799000
20557816000
20557832000
20557845000
20557853000
20557866000
20557902000
20557902001
20557916000
20557922000
20557932000
20557957000
20557972000
20557993000
20557993001
20558027000
20558040000
20558102000
20558144000
20558150000
20558203000
20558208000
20558221000
20558238000
20558251000
20558265000
20558265001
20558314000
20558321000
20558338000
20558345000
20558362000
20558424000
20558437000
20558437001
20558445000
20558457000
20558472000
20558477000
20558506000
20558506001
20558527000
20558556000
20558606000
20558633000
20558646000
20558659000
20558660001
20558665001
20558666000
20558715000
20558725000
20558730001
20558730002
20558731000
20558754000
20558813000
20558834000
20558847000
20558853001
20558911000
20558921000
20558926001
20558931000
20558944000
20558965001
20558968000
20559007000
20559023000
20559046000
20559058000
20559072000
20559082000
20559087000
20559096000
20559102000
20559117000
20559134000
20559134001
20559158000
20559209000
20559211000
20559254000
20559265000
20559278000
20559287000
20559293000
20559316000
20559316001
20559345001
20559345002
20559362001
20559417000
20559431000
20559456000
20559456001
20559493000
20559501000
20559632000
20559644000
20559658000
20559663000
20559673000
20559758000
20559838000
20559845000
20559855000
20559948000
20559981000
20559985000
20647003000
20647003001
20647005000
20647008000
20647014000
20647016000
20647020000
20647022000
20647025000
20647025002
20647028000
20647031000
20647035000
20647037000
20647039000
20647041000
20647046000
20647050000
20647052000
20647055000
20647058000
20647060000
20647061000
20647065000
20647067000
20647068000
20647069000
20647070000
20647075000
20742027000
20742034000
20742071000
20742083000
20742099001
20742147000
20742165000
20742182000
20742260000
20742261000
20742295000
20742314000
20742339000
20742348000
20742391000
20742404000
20742410000
20742452000
20742475000
20742492000
20742515000
20742516000
20742587000
20742599000
20742619000
20742647000
20742671000
20742731000
20742754000
20742807000
20742809000
20742867000
20742909000
20742933000
20742970000
20743003000
20743041000
20743057000
20743063000
20743128000
20743149000
20743185000
20743192000
20743197001
20743198000
20743279000
20743284001
20743295000
20743311000
20743314000
20743333000
20743339000
20743353000
20743363000
20743369000
20743371000
20840703000
20840706000
20840712000
20840718000
20840719000
20840727000
20840729000
20840731000
20840732000
20840736000
20840738000
20840739000
20840743000
20840745000
20840747000
20840754000
20840757000
20840762000
20840766000
20840767000
20840769000
20840782000
20840785000
20840791000
20840795000
20840798000
20840800000
20840809000
20840811000
20840821000
20840829000
20840831000
20840841000
20840848000
20840854000
20840856000
20840858000
20840859000
20840875000
20840879000
20840883000
20840893000
20840893001
20940604001
20940608000
20940621000
20940623001
20940637000
20940642000
20940650000
20940650001
20940665000
20940670001
20940672000
20940676000
20940680001
20940689000
21047401000
21047402001
21047404000
21047405001
21047406001
21047407000
21047409000
21047411001
21047412000
21047413001
21047417001
21047418000
21047420000
21047421000
21047423001
21047424001
21047426000
21047428000
21047430000
21047433001
21047435001
21047440001
21047512001
21047520001
21047570000
21047574000
21047575000
21047576001
21047580000
21047581001
21047582000
21047584001
21047585000
21047587001
21047588001
21047590000
21047592001
21047595001
21047597001
21047598000
21047600000
21047602000
21047604000
21047605000
21047606001
21047607001
21047610001
21047612001
21047615001
21047616001
21047617001
21047618000
21047620000
21047622001
21047624000
21047624001
21047629001
21047631001
21047632001
21047636000
21047637001
21047638001
21047640001
21047641001
21047642001
21047643001
21047648000
21047649001
21047651001
21047653001
21047654001
21047655000
21047656001
21047657001
21047660001
21047662000
21047663000
21047666001
21047668001
21047670001
21047672001
21047674001
21047675000
21047677001
21047678000
21047678001
21047679001
21047682001
21047684001
21047690001
21047696001
21047740000
21047741000
21047742000
21047744000
21047746000
21047747001
21047750000
21047751001
21047754000
21047755000
21047756001
21047759001
21047761001
21047762001
21047764001
21047765000
21047766001
21047767001
21047768001
21047769001
21047770001
21047772000
21047776001
21047777001
21047778000
21047780001
21047784001
21047800000
21047803001
21047805001
21047807000
21047809001
21047812001
21047813001
21047814001
21047815000
21047817000
21047819001
21047821001
21047822001
21047823001
21047824001
21047827000
21047829001
21047830000
21047831001
21047835001
21047836000
21047837000
21047838001
21047843000
21047881000
21047887000
21047890001
21047891000
21047892001
21047893000
21047894000
21047897001
21047898000
21047899000
21047909000
21047912000
21047918000
21047927000
21047929001
21047930001
21047931001
21047933001
21047936000
21047940001
21047942000
21047945000
21047971000
21047981000
21047991000
21128679000
21128879000
21128952000
21135078000
21135108000
21135188001
21135229000
21135358000
21135394000
21135406001
21135416000
21135542000
21135576000
21135663000
21135700000
21135746000
21135796000
21135849000
21135925000
21136177000
21136208000
21136535000
21136665000
21136729000
21136859000
21136870000
21138001000
21138082000
21138198000
21240580000
21240581000
21240582000
21240583000
21240584001
21240588001
21336974000
21338353001
21448930000
21448938000
21448940000
21448947000
21448948000
21448955000
21544203000
21544207000
21544212001
21544213000
21544213001
21544214000
21544214001
21544215000
21544218000
21544218001
21544225000
21544230000
21544231000
21544232000
21544237000
21544237001
21544239000
21544239001
21544241000
21544241002
21544241003
21544241004
21544241005
21544241006
21544256001
21544259000
21544265001
21544272000
21544272001
21544277000
21544277001
21544282000
21544284000
21544285000
21544285001
21544287000
21544288000
21544292000
21544292001
21544292003
21544292004
21544294000
21544294001
21544298000
21544298001
21544302000
21544302001
21544304000
21544304001
21544305000
21544313001
21544313002
21544314001
21544325001
21544325002
21544334001
21544336000
21544341000
21544347000
21544352000
21544354000
21544358000
21544373000
21544373001
21544373002
21648008000
21648019000
21648042000
21648053000
21648062000
21648071000
21648078000
21648080000
21648088001
21648095000
21648097000
21648110000
21648112000
21744454000
21841244001
21841256000
21841288000
21841314000
21841316000
21941506001
21941508001
21941508002
21941523001
21941530000
21941530001
21941531001
21941533000
21941535000
21941535001
21941536001
21941560000
21941560001
21941564000
21941565000
21941571001
21941571002
21941573000
21941592000
21941592001
21941594000
21941594001
21941594002
21941598000
21941600000
21941620000
21941620002
21941624000
21941624001
21941640000
21941641000
21941660000
21941660001
21941660002
21941661001
21941661003
21941675000
21941678000
21941678001
21941678002
21941697000
21941697001
21941700000
21941710000
21941712000
21941715000
21941718000
21941725001
21941739000
21941744001
21941746000
21941749000
21941756000
21941759000
21941759001
21941764000
21941768000
21941768001
21941780000
21941781000
21941781001
21941782001
21941782002
21941785000
22041170000
22147090000
22147091001
22147100000
22147101000
22147104001
22147105000
22147106001
22147108000
22147108001
22147111001
22147111002
22147112000
22147112001
22147114000
22147114001
22147115000
22147119000
22147121001
22147122001
22147124001
22147127001
22147129000
22147130000
22147130001
22147131000
22147133000
22147133001
22147134001
22147134002
22147135000
22147136000
22147136001
22147138000
22147140000
22147141001
22147141002
22147142001
22147143000
22147144001
22147144002
22147146000
22147146001
22147146002
22147152000
22147155001
22147156001
22147156002
22147159000
22147162000
22147162001
22147165000
22147166001
22147167001
22147168000
22147168001
22147170000
22147170001
22147184000
22147189000
22147189001
22147192000
22147192001
22147192002
22147192003
22220046000
22220069000
22220274000
22220292000
22220353000
22220674000
22220744000
22220891000
22221432000
22221647000
22221946000
22221965000
22221982000
22223022001
22223074000
22223146000
22223205000
22223219000
22223330000
22223405000
22223418000
22223472000
22223552000
22223631000
22223711000
22223724000
22223804000
22223849000
22223884000
22223891000
22223914000
22223921000
22223933000
22223955000
22224105000
22224125000
22224143000
22224266000
22224329000
22224343000
22224507000
22224641000
22224688000
22224738000
22224817000
22224908000
22224944000
22224951000
22224959000
22224966000
22225173000
22225248000
22225325000
22225399000
22225400000
22225551000
22225563000
22225594000
22225703000
22225744000
22225913000
22225954000
22225956000
22227995000
22228028001
22228044001
22228064000
22228138000
22228225000
22228240000
22228275000
22228411000
22228434000
22228440000
22228493000
22228552000
22228630000
22228661000
22228698000
22228722000
22228900001
22229231000
22229263000
22229282000
22229430000
22229570000
22229612000
22229698000
22229807000
22229838000
22229866000
22230054000
22230230000
22230253000
22230309000
22230372000
22230393000
22230433000
22230469000
22230521000
22230554000
22230555001
22230635000
22230636000
22230673000
22230692000
22230710000
22230758000
22230777001
22230823000
22230879000
22230925000
22230949000
22230949001
22230965000
22231004000
22231088000
22231137000
22231168000
22231253000
22231329000
22231369000
22231388000
22231416000
22231510000
22231532000
22231594000
22231707000
22231735000
22231829000
22231873000
22231909000
22231915000
22231960000
22231966001
22232061000
22232098000
22232133001
22232150000
22232165000
22232165001
22232195000
22232217000
22232252000
22232389000
22232408000
22232411000
22232583000
22232594001
22232618000
22235041001
22235121000
22236034000
22340356000
22340373000
22340375000
22340394000
22340400000
22340405000
22340416000
22340430000
22340438000
22340439000
22341020001
22341036000
22341140000
22443404001
22443413000
22443418000
22443424000
22443436000
22443444001
22443466000
22443473000
22443476001
22443495001
22443497000
22738599001
22738836000
22738933000
22738954000
22848300000
22848303000
22848325000
22848327000
22848328000
22848331000
22848351000
22848354000
22848356000
22848375000
22848378000
22848379000
22848381000
22848400000
22848405000
22848407000
22848425000
22848430000
22848431000
22848432000
22848450000
22848455000
22848462000
22848475000
22848480000
22848500000
22848517000
22848532000
22848551000
22848552000
22848565000
22848567000
22848568000
22938507000
22938687000
22938750000
22938763000
22938880000
22938895000
22938974001
22938974002
23041196000
23138262000
23138413000
23138457000
23138618000
23138696000
23138927000
23248820000
23248826000
23248830001
23248855000
23248860001
23248877000
23248877001
23248900000
23341443001
23341480000
23445011000
23659358000
23659559000
30187007000
30187046000
30187047000
30187065000
30187078000
30187121000
30187121001
30187121002
30187129000
30187149000
30187155000
30187162000
30187166000
30187178000
30187217000
30187222000
30187222001
30187257000
30187270000
30187270001
30187270002
30187289000
30187305000
30187311000
30187322000
30187344000
30187344001
30187349000
30187374000
30187374001
30187395000
30187395001
30187400001
30187418000
30187418001
30187436000
30187448000
30187453000
30187467001
30187480000
30187480001
30187497000
30187506001
30187509000
30187534000
30187544000
30187548000
30187563000
30187568001
30187571001
30187576000
30187582000
30187585000
30187596000
30187623000
30187623001
30187623002
30187642000
30187648000
30187648001
30187679000
30187688000
30187692000
30187692001
30187715000
30187715001
30187715002
30187750000
30187750002
30187765000
30187774000
30187784000
30187791000
30187803000
30187814000
30187823001
30187828000
30187852001
30187860000
30187860001
30187880000
30187896000
30187903000
30187909000
30187912000
30187925000
30187934000
30187936001
30187938000
30188963000
30285041000
30285043000
30285104000
30285114000
30285140000
30285141000
30285151000
30285152000
30285154000
30285196000
30285201000
30285207000
30285223000
30285230000
30285242000
30285245000
30285247000
30285268000
30285283000
30285289000
30285315000
30285364000
30285365000
30382024000
30382106000
30382191000
30382198000
30382244001
30382280000
30382331000
30382397000
30382400000
30382410000
30382425000
30382571000
30382578000
30382586000
30382599000
30382668000
30382678000
30382704000
30382741000
30382765000
30382825000
30382861000
30382900000
30382915000
30382915001
30382979000
30382983000
30383064000
30383096000
30383229000
30383288000
30383339000
30383361000
30383377000
30383423000
30383437000
30383498000
30383552000
30383577001
30383579000
30383587000
30383611000
30383618000
30383650000
30383692000
30383702000
30383743000
30383766000
30383781000
30383821000
30383827001
30383842000
30383872001
30383897000
30383931000
30383967000
30383997000
30485406000
30485417001
30485442000
30485469000
30485470000
30485470001
30485486000
30485488000
30485488001
30485543000
30485543001
30485574000
30485577000
30485585000
30485629000
30485629001
30485682000
30485743000
30485766000
30485767001
30485767002
30485782000
30485799000
30485799001
30485834000
30485862000
30485874000
30485930000
30485934000
30489056000
30489057000
30580001000
30580009000
30580022000
30580028000
30580091000
30580094000
30580097000
30580097001
30580097003
30580110000
30580110001
30580149001
30580210001
30580219001
30580219002
30580222000
30580222001
30580234000
30580241000
30580259000
30580259002
30580315000
30580336001
30580346001
30580370000
30580370002
30580398000
30684008000
30684027000
30684043000
30684069001
30684071000
30684088001
30684088002
30684101000
30684123001
30684132000
30684135000
30684140000
30684140001
30684147000
30684147001
30684176000
30684179000
30684200000
30684200001
30684202001
30684202002
30684203000
30684226000
30684265001
30684265002
30684270000
30781001000
30781002000
30781010000
30781100000
30886017000
30886033000
30886065000
30886068000
30886086000
30886097000
30886134000
30886135001
30886218000
30886223000
30886233000
30886248000
30886255000
30886260000
30886297000
30984370000
30984377000
30984390000
30984390001
30984401000
30984425000
30984435001
30984444000
30984452000
30984452001
30984455000
30984472000
30984474000
30984501000
30984515000
30984531000
30984534000
30984542000
30984564000
30984628000
30984628001
30984628002
30984630001
30984630002
30984658000
30984673000
30984677001
30984686000
30984691000
30984721000
30984735000
30984782000
31281200000
31281200001
31281200002
31281200003
31281200004
31281202000
31281209000
31281225000
31281225001
31281250000
31281251000
31281253000
31386330000
31386350000
31386360000
31386430000
31386440000
31386460000
31386490000
31386500000
31386545001
31386560000
31386565000
31386580000
31386585000
31386595001
31480403000
31480405000
31480407000
31480410000
31480413000
31480415000
31480416000
31480416002
31480419000
31480423000
31480435000
31480438000
31480444000
31480447000
31480450000
31480453000
31480457000
31480462000
31581401000
31581403000
31581405000
31581408000
31581415000
31688890001
31688890002
31788903000
40178954000
40178955001
40278383001
40278583000
40278583001
40278583002
40278583003
40278596001
40278596002
40371043000
40371043001
40371043002
40371045000
40371045001
40371045002
40371045003
40371045004
40371050000
40371050001
40371050002
40371050003
40371050004
40371051000
40371060001
40371066000
40371066001
40371066002
40371068000
40371068001
40371068002
40371068003
40371068004
40371068005
40371069000
40371069001
40371069002
40371069003
40371069004
40371069005
40371072000
40371073001
40371076000
40371076001
40371076002
40371077000
40371077001
40371077002
40371078000
40371078001
40371078002
40371078003
40371078004
40371078005
40371078006
40371078007
40371078008
40371079000
40371079001
40371081000
40371081001
40371081002
40371081003
40371082000
40371083001
40371083002
40371090000
40371091000
40371092000
40371093000
40371094000
40371094001
40371094002
40371094003
40371095000
40371095001
40371095002
40371095003
40371101000
40371101001
40371101002
40371101003
40371101004
40371101005
40371101006
40371101007
40371104000
40371104001
40371104002
40371104003
40371104004
40371104005
40371104006
40371104007
40371108001
40371108002
40371109000
40371109001
40371109002
40371109003
40371109004
40371109005
40371109006
40371109007
40371114001
40371114002
40371115001
40371119001
40371120000
40371120001
40371121001
40371122000
40371122001
40371122002
40371122003
40371123000
40371123001
40371123002
40371123003
40371125000
40371125001
40371125002
40371125003
40371129000
40371129001
40371129002
40371129003
40371129004
40371129005
40371129006
40371129007
40371129008
40371129009
40371130000
40371130001
40371130002
40371130003
40371130004
40371131001
40371131002
40371133001
40371133002
40371135001
40371136001
40371138000
40371138001
40371138002
40371138003
40371138004
40371140000
40371140001
40371140002
40371140003
40371141000
40371141001
40371141002
40371141003
40371145000
40371148001
40371148002
40371182000
40371185000
40371187000
40371187001
40371187002
40371187003
40371187004
40371187005
40371188000
40371188001
40371188002
40371193000
40371193001
40371193002
40371193003
40371194000
40371194001
40371196000
40371197000
40371197001
40371197002
40371207001
40371207002
40371260000
40371260001
40371260002
40371260003
40371396000
40371396001
40371396002
40371396003
40371397001
40371397002
40371398000
40371398001
40371398002
40371400001
40371400002
40371400003
40371400004
40371400005
40371403001
40371403002
40371403003
40371410001
40371410002
40371411000
40371412001
40371412002
40371421000
40371430001
40371431001
40371431002
40371431003
40371431004
40371431005
40371432001
40371432002
40371435001
40371435002
40371435003
40371435004
40371435005
40371436000
40371436001
40371436002
40371441001
40371441002
40371443000
40371444001
40371444002
40371447001
40371447002
40371447003
40371474001
40371474002
40371475000
40371475001
40371475002
40371475003
40371475004
40371496001
40371510001
40371510002
40371510003
40371527001
40371527002
40371527003
40371527004
40371538000
40371538001
40371538002
40371538003
40371600000
40371601000
40371603000
40371603001
40371603002
40371603003
40371607001
40371607002
40371609001
40371609002
40371610001
40371610002
40371610003
40371610004
40371620000
40371621001
40371623001
40371623002
40371623003
40371623004
40371623005
40371623006
40371624000
40371624001
40371624002
40371624003
40371624004
40371624005
40371625001
40371625002
40371625003
40371625004
40371625005
40371625006
40371625007
40371625008
40371627000
40371627001
40371627002
40371627003
40371627004
40371627005
40371627006
40371627007
40371628001
40371628002
40371628003
40371628004
40371628005
40371628006
40371628007
40371628008
40371630000
40371630001
40371630002
40371630003
40371630004
40371630005
40371630006
40371631000
40371631001
40371631002
40371631003
40371632001
40371633000
40371633001
40371633002
40371633003
40371700000
40371700001
40371700002
40371700003
40371700004
40371700005
40371700006
40371705000
40371705001
40371705002
40371706000
40371706001
40371706002
40371707000
40371707001
40371707002
40371707003
40371707004
40371709001
40371711000
40371711001
40371711002
40371711003
40371711004
40371711005
40371711006
40371711007
40371711008
40371711009
40371711010
40371714001
40371714002
40371714003
40371714004
40371714005
40371714006
40371714007
40371714008
40371715000
40371715001
40371715002
40371715003
40371715004
40371715005
40371715006
40371715007
40371715008
40371715009
40371715010
40371718000
40371718001
40371718002
40371718003
40371719001
40371719002
40371722000
40371722001
40371722002
40371722003
40371722004
40371725000
40371725001
40371725002
40371725003
40371725004
40371725005
40371725006
40371726000
40371726001
40371726002
40371726003
40371726004
40371726005
40371726006
40371727000
40371727001
40371727002
40371728001
40371728002
40371728003
40371728004
40371728005
40371728006
40371728007
40371730000
40371730001
40371730002
40371730003
40371730004
40371731000
40371731001
40371733000
40371733001
40371733002
40371733003
40371733004
40371733005
40371735001
40371735002
40371735003
40371735004
40371735005
40371735006
40371738000
40371738001
40371738002
40371738003
40371738004
40371738005
40371739000
40371739001
40371739002
40371739003
40371739004
40371747001
40371747002
40371747003
40371747004
40371747005
40371749000
40371749001
40371749002
40371749003
40371749004
40371799001
40371799002
40371799003
40371799004
40371800000
40371800001
40371801000
40371801001
40371802000
40371802001
40371802002
40371802003
40371803000
40371806001
40371807000
40371807001
40371807002
40371808000
40371808001
40371808002
40371809000
40371809001
40371810000
40371810001
40371810002
40371810003
40371811000
40371811001
40371811002
40371811003
40371813000
40371813001
40371814001
40371814002
40371814003
40371814004
40371815000
40371815001
40371816000
40371816001
40371817001
40371817002
40371817003
40371818000
40371818001
40371819000
40371819001
40371821000
40371821001
40371821002
40371822001
40371822002
40371822003
40371825000
40371825001
40371825002
40371826000
40371827000
40371827001
40371827002
40371828000
40371831000
40371831001
40371831002
40371831003
40371832001
40371832002
40371832003
40371834000
40371834001
40371834002
40371834003
40371834004
40371834005
40371834006
40371834007
40371836000
40371836001
40371841000
40371841001
40371842000
40371842001
40371842002
40371844000
40371845000
40371845001
40371845002
40371850000
40371850001
40371850002
40371850003
40371850004
40371852000
40371852001
40371852002
40371852003
40371852004
40371852005
40371852006
40371854000
40371854001
40371855000
40371855001
40371855002
40371855003
40371855004
40371856001
40371856002
40371856003
40371856004
40371856005
40371858000
40371858001
40371858002
40371858003
40371861000
40371861001
40371861002
40371861003
40371862000
40371862001
40371862002
40371863000
40371863001
40371863002
40371863003
40371863004
40371864000
40371864001
40371864002
40371864003
40371864004
40371865001
40371865002
40371865003
40371865004
40371865005
40371866000
40371867000
40371867001
40371867002
40371867003
40371868000
40371868001
40371868002
40371869000
40371869001
40371870000
40371870001
40371870002
40371870003
40371870004
40371871000
40371871001
40371871002
40371871003
40371871004
40371871005
40371871006
40371872000
40371872001
40371872002
40371872003
40371874000
40371874001
40371874002
40371874003
40371874004
40371874005
40371874006
40371874007
40371874008
40371876000
40371876001
40371877000
40371877001
40371877002
40371877003
40371878001
40371878002
40371878003
40371878004
40371878005
40371878006
40371878007
40371878008
40371878009
40371878010
40371879000
40371880000
40371880001
40371880002
40371880003
40371880004
40371880005
40371881000
40371881001
40371881002
40371881003
40371882000
40371882001
40371882002
40371882003
40371882004
40371882005
40371882006
40371882007
40371883000
40371883001
40371883002
40371883003
40371887000
40371887001
40371887002
40371887003
40371888000
40371888001
40371888002
40371888003
40371888004
40371888005
40371889001
40371889002
40371889003
40371889004
40371889005
40371889006
40371891000
40371891001
40371892000
40371892001
40371892002
40371892003
40371892004
40371893001
40371893002
40371893003
40371894000
40371894001
40371894002
40371896000
40371896001
40371896002
40371896003
40371897000
40371897001
40371897002
40371897003
40371898000
40371898001
40371898002
40371898003
40371898004
40371899000
40371899001
40371899002
40371900001
40371901000
40371901001
40371902000
40371902001
40371902002
40371906000
40371906001
40371907000
40371909000
40371909001
40371909002
40371909003
40371909004
40371910000
40371910001
40371911000
40371911001
40371911002
40371911003
40371912000
40371912001
40371912002
40371912003
40371913000
40371913001
40371915000
40371917000
40371917001
40371922000
40371922001
40371924000
40371924001
40371925000
40371925001
40371925002
40371926000
40371926001
40371928000
40371928001
40371928002
40371928003
40371928004
40371930000
40371930001
40371930002
40371930003
40371930004
40371931001
40371931002
40371931003
40371931004
40371931005
40371932000
40371932001
40371933000
40371934000
40371934002
40371935000
40371935001
40371935002
40371935003
40371935004
40371936000
40371936001
40371937000
40371938000
40371938001
40371940000
40371940001
40371940002
40371940003
40371940004
40371943001
40371943002
40371943003
40371943004
40371943005
40371943006
40371943007
40371943008
40371943009
40371943010
40371944000
40371944001
40371944002
40371944003
40371944004
40371944005
40371945000
40371945001
40371945002
40371945003
40371946000
40371946001
40371948000
40371948001
40371948002
40371948003
40371949000
40371949001
40371949002
40371949003
40371949004
40371950000
40371950001
40371950002
40371950003
40371950004
40371950005
40371950006
40371950007
40371950008
40371950009
40371950010
40371951000
40371951001
40371951002
40371951003
40371951004
40371951005
40371951006
40371953000
40371953001
40371953002
40371953003
40371953004
40371957000
40371957001
40371957002
40371957003
40371957004
40371958000
40371958001
40371958002
40371958003
40371958004
40371964000
40371964001
40371964002
40371964003
40371964004
40371964005
40371964006
40371964007
40371964008
40371965001
40371966000
40371966001
40371966002
40371966003
40371966004
40371966005
40371968000
40371968001
40371968002
40578760000
40578762000
40578762001
40578767000
40678310000
40678313000
40678317000
40678325000
40678343001
40678348000
40678349000
40678353000
40678355000
40678360000
40678364001
40678367000
40678368001
40678369000
40778451001
40778458001
40778460000
40778460001
40778460002
40778460003
40778460004
40778460005
40778460006
40778464001
40778464002
40778466001
40778466002
40778467000
40778467001
40778470001
40778470002
40778470003
40778473001
40778473002
40778479001
40778479002
40778482000
40778482001
40778484001
40778485000
40778485001
40778486000
40878650000
40878652000
40878662001
40878663001
40978958001
41078615001
41078627000
41078631001
41078631002
41078639001
41078640001
41178439000
41278501000
41278700000
41278701000
41278705000
41278706000
41278708000
41278711000
41278714000
41278717000
41278717001
41278720000
41278724000
41378387001
41378388000
41378397000
41378397001
41378399000
41476055001
41476055002
41476160000
41476160001
41476160002
41476160003
41476160004
41476160005
41476220000
41476220001
41476220002
41476220003
41476220004
41476225000
41476225001
41476243000
41476253001
41476256001
41476258000
41476258001
41476258002
41476258003
41476258004
41476311000
41476311001
41476311002
41476311003
41476311004
41476342000
41476342001
41476342002
41476342003
41476342004
41476373000
41476373001
41476382000
41476382001
41476382002
41476390000
41476390001
41476393000
41476393001
41476393002
41476393003
41476405000
41476405001
41476405002
41476405003
41476412000
41476412001
41476412002
41476423001
41476458000
41476491001
41476491002
41476491003
41476491004
41476491005
41476499001
41476519000
41476525000
41476548000
41476548001
41476556000
41476556001
41476575001
41476577000
41476577001
41476581000
41476581001
41476585001
41476593000
41476595001
41476612000
41476612001
41476612002
41476625000
41476632000
41476640000
41476644000
41476644001
41476647000
41476654000
41476656001
41476662000
41476662001
41476662002
41476665000
41476679000
41476680000
41476680001
41476680002
41476683000
41476685000
41476687000
41476687001
41476692000
41476692001
41476695000
41476695001
41476695002
41476726000
41476726001
41476737001
41476737002
41476741000
41476743001
41476750000
41476773001
41476775000
41476775001
41476775002
41476775003
41476805000
41476833000
41476833001
41476843001
41476845000
41476903000
41578733001
41578735000
41578739000
41578741000
41578741002
41578744001
41578744002
41678792000
41678793000
41678793001
41678793002
41678793003
41678795000
41678795001
41678795002
41678806001
41678806002
41678806003
41678806004
41678806005
41778858000
42378062000
42378073000
42378109000
42478962000
42478970000
42478970001
42500011084
42500012813
42500013160
42500013511
42500013816
42500015749
42500017157
42500017304
42500017366
42500018024
42500018178
42500018323
42500018380
42500018438
42500018469
42500020080
42500021026
42500021248
42500021514
42500021614
42500023160
42500023596
42500024089
42500024645
42500024849
42500025512
42500026250
42500026353
42500026796
42500027281
42500027370
42500027390
42500027435
42500027716
42500028619
42500028815
42500029271
42500029287
42500029359
42500029652
42500030936
42500031596
42500031632
42500032356
42500032444
42500032930
42500034572
42500034756
42500035186
42500035512
42500035754
42500035820
42500035908
42500036253
42500036928
42500040693
42500040924
42500041048
42500041614
42500041715
42500041758
42500041912
42500042239
42500042294
42500042319
42500042728
42500042910
42500042941
42500043161
42500043257
42500043747
42500043761
42500043875
42500044232
42500044259
42500044713
42500044890
42500044997
42500045032
42500045385
42500045532
42500045983
42500046074
42500046118
42500046175
42500046399
42500046506
42500046508
42500046719
42500046730
42500046826
42500047195
42500047304
42500047306
42500047851
42500047902
42500047916
42500047965
42500048702
42500048758
42500048839
42500049087
42500049122
42500049200
42500049452
42500049490
42500049699
42500049855
42500049866
42500050848
42500051294
42500051528
42500051564
42500051741
42500052184
42500052281
42500052446
42500053005
42500053038
42500053146
42500053662
42500053951
42500054076
42500054770
42500054834
42500055322
42500055722
42500057167
42500057337
42500057936
42500058204
42500058429
42500059243
42500062658
42500063207
42500067970
42500068138
42500072730
42500073595
42500075915
42500076410
42500079605
42500080211
42500080228
42500080478
42500080611
42500082220
42500082850
42500082915
42500082944
42500083163
42500083186
42500083207
42500084289
42500084570
42500084731
42500085275
42500086414
42500086997
42500087020
42500087851
42500088758
42500088824
42500088942
42500090140
42500090586
42500091340
42500091500
42500092318
42500092475
42500092966
42500093621
42500093754
42500094170
42500095874
42500095882
42500096335
42500097276
42500097600
42500097847
42500098535
42500098703
42500098740
42500099141
42500099157
42500099186
42500099291
42500100010
42500100448
42500100470
42500100803
42500101408
42500101956
42500102845
42500103143
42500103631
42500103732
42500104140
42500104295
42500104670
42500104831
42500104845
42500105241
42500105275
42500105462
42500105559
42500105685
42500106152
42500106305
42500106388
42500106542
42500106891
42500107264
42500107386
42500108080
42500108137
42500110072
42500110187
42500110338
42500111280
42500111436
42500112140
42500112193
42500112348
42500112483
42500113335
42500113879
42500114108
42500114198
42500114442
42500114823
42500115079
42500115326
42500115515
42500115712
42500115768
42500115833
42500115901
42500115943
42500116446
42500116526
42500116558
42500116579
42500116610
42500116738
42500116910
42500117551
42500118147
42500118740
42500118916
42500119241
42500119354
42500120177
42500120200
42500120676
42500120784
42500121030
42500121229
42500121425
42500121747
42500121873
42500122149
42500123418
42500123513
42500123527
42500124008
42500124181
42500124837
42500125237
42500125337
42500126001
42500126580
42500126705
42500127125
42500127298
42500127482
42500127522
42500127646
42500127755
42500127875
42500127935
42500128036
42500129080
42500129113
42500129253
42500129511
42500129557
42500129670
42500130112
42500130133
42500130600
42500131402
42500131533
42500131635
42500132724
42500132789
42500132864
42500132977
42500132999
42500134063
42500134142
42500134735
42500134894
42500135769
42500135796
42500135952
42500137147
42500137161
42500137979
42500138296
42500138688
42500140264
42500140365
42500140405
42500141704
42500141740
42500141867
42500142401
42500142459
42500142835
42500143527
42500143810
42500143954
42500144087
42500144464
42500144530
42500144559
42500144588
42500144695
42500144972
42500145152
42500145173
42500145363
42500145856
42500145906
42500145972
42500146128
42500147093
42500147271
42500147305
42500147542
42500148495
42500150254
42500150381
42500150619
42500150909
42500152791
42500153028
42500153430
42500153762
42500153994
42500154703
42500157324
42500158709
42500158714
42500160098
42500160205
42500160537
42500160549
42500161287
42500161411
42500162151
42500162534
42500163313
42500163800
42500164407
42500164700
42500165026
42500166664
42500167344
42500168163
42500169013
42500169806
42500170100
42500170814
42500171628
42500172426
42500172765
42500173046
42500173944
42500174566
42500175304
42500176905
42500176937
42500179891
42500180700
42500181385
42500181750
42500182282
42500182523
42500183675
42500185111
42500185718
42500185985
42500186620
42500186770
42500187330
42500187806
42500188000
42500189440
42500189750
42500190120
42500190535
42500190736
42500193213
42500194105
42500195246
42500196486
42500196681
42500196783
42500198367
42500198757
42500199316
42500200032
42500200128
42500200146
42500200230
42500200779
42500201439
42500201486
42500201492
42500201675
42500202423
42500202737
42500203632
42500203823
42500204090
42500204104
42500204244
42500205434
42500205650
42500205662
42500205690
42500205816
42500206300
42500207690
42500207812
42500210018
42500210075
42500210252
42500210515
42500211465
42500211630
42500212142
42500212645
42500212698
42500212737
42500212916
42500213290
42500213303
42500214106
42500214652
42500215175
42500215400
42500215435
42500215563
42500215615
42500215638
42500215887
42500216152
42500216360
42500216547
42500216565
42500217087
42500217405
42500217460
42500218419
42500218618
42500219046
42500219249
42500220021
42500220488
42500220955
42500221094
42500221389
42500221707
42500221865
42500221880
42500221962
42500222094
42500223107
42500223605
42500223887
42500223975
42500224173
42500224776
42500224939
42500225247
42500225987
42500226009
42500226177
42500226718
42500227111
42500227128
42500227132
42500228374
42500229079
42500229400
42500229426
42500229439
42500229793
42500229860
42500230204
42500230856
42500231037
42500231364
42500231711
42500231822
42500232289
42500232809
42500234271
42500234705
42500234825
42500234850
42500234904
42500235027
42500235253
42500235541
42500235671
42500235834
42500235976
42500237263
42500237963
42500238051
42500238223
42500238466
42500238523
42500238725
42500240199
42500240364
42500240780
42500241044
42500241552
42500241722
42500241737
42500242173
42500242409
42500242689
42500242793
42500243013
42500243089
42500243110
42500243139
42500243558
42500243581
42500243751
42500243885
42500244038
42500244055
42500244345
42500244364
42500244522
42500244558
42500245015
42500245080
42500245338
42500245572
42500245668
42500245690
42500245761
42500246157
42500246472
42500246601
42500246918
42500247286
42500247318
42500247382
42500248501
42500248569
42500248597
42500248857
42500248930
42500250070
42500250130
42500250375
42500250420
42500250435
42500250622
42500250640
42500251145
42500251200
42500252020
42500252100
42500252205
42500252820
42500252840
42500253035
42500253175
42500253185
42500253365
42500253615
42500253630
42500253660
42500253715
42500253735
42500253910
42500254110
42500254440
42500254900
42500254985
42500255080
42500255310
42500255470
42500255565
42500256040
42500256135
42500256570
42500256970
42500257070
42500257515
42500257715
42500258133
42500258395
42500258465
42500258480
42500258915
42500259090
42500259510
42500260507
42500260691
42500261071
42500262573
42500262780
42500263245
42500264698
42500264950
42500265168
42500266779
42500267369
42500268988
42500269171
42500270706
42500272174
42500272999
42500273850
42500274399
42500280325
42500280734
42500280907
42500281582
42500283029
42500283951
42500284229
42500284987
42500285728
42500286055
42500287079
42500288816
42500290692
42500290858
42500291469
42500291515
42500291664
42500291813
42500291887
42500292608
42500292848
42500293265
42500293294
42500293368
42500294369
42500294426
42500294862
42500295150
42500295273
42500295960
42500295965
42500296435
42500297323
42500297610
42500297867
42500298107
42500298387
42500298501
42500298535
42500299156
42500299165
42500300023
42500300042
42500300085
42500300093
42500300183
42500300321
42500300443
42500300687
42500300889
42500300937
42500301012
42500301185
42500301401
42500301752
42500301799
42500301966
42500301974
42500302060
42500302129
42500302610
42500303033
42500303184
42500303259
42500303319
42500303773
42500304102
42500304174
42500304555
42500304647
42500304791
42500304796
42500304844
42500304912
42500304996
42500305113
42500305426
42500305512
42500305801
42500306085
42500306164
42500306314
42500306774
42500306820
42500307167
42500307484
42500307633
42500308248
42500308383
42500308600
42500308631
42500308737
42500308906
42500308910
42500308944
42500309000
42500309292
42500309670
42500310090
42500311458
42500311677
42500312635
42500312719
42500313017
42500313510
42500313969
42500313976
42500314055
42500314684
42500314938
42500315123
42500315177
42500315340
42500315356
42500315771
42500315830
42500315838
42500315890
42500317202
42500317615
42500317994
42500318113
42500318292
42500318500
42500318694
42500319147
42500319476
42500320941
42500321408
42500321871
42500322188
42500322365
42500323207
42500323287
42500323594
42500323621
42500324178
42500324203
42500324418
42500324958
42500325220
42500325479
42500326015
42500326155
42500326255
42500326315
42500326947
42500327530
42500328792
42500329100
42500329445
42500331072
42500331152
42500331541
42500331592
42500331890
42500332098
42500332119
42500332791
42500333375
42500333758
42500333780
42500334189
42500335041
42500335297
42500335315
42500336118
42500336196
42500336600
42500336781
42500338313
42500338534
42500338552
42500338769
42500338822
42500338830
42500339312
42500340017
42500340179
42500340256
42500340292
42500340548
42500340593
42500340908
42500341243
42500341504
42500341724
42500341828
42500342678
42500342912
42500342944
42500343497
42500343628
42500343821
42500343871
42500344055
42500344204
42500344235
42500344298
42500344573
42500344766
42500344861
42500345063
42500345509
42500345779
42500345855
42500346130
42500346139
42500346278
42500346629
42500346638
42500346670
42500346926
42500346935
42500347012
42500347254
42500348501
42500348677
42500349395
42500349422
42500349445
42500350304
42500350328
42500350412
42500350694
42500351055
42500351433
42500351765
42500351862
42500351897
42500351946
42500352135
42500352406
42500352440
42500352997
42500353095
42500353445
42500353770
42500353827
42500353847
42500354003
42500354506
42500354670
42500355162
42500355362
42500355384
42500355593
42500355734
42500356032
42500356073
42500356426
42500356634
42500356883
42500356907
42500357169
42500357331
42500358466
42500358494
42500358746
42500358797
42500358997
42500360106
42500361354
42500362537
42500362682
42500363028
42500363526
42500364385
42500364896
42500365915
42500366233
42500366689
42500367029
42500367322
42500367477
42500367931
42500368449
42500368596
42500368905
42500369050
42500369298
42500369408
42500369464
42500369728
42500369933
42500370896
42500374266
42500376698
42500380074
42500380165
42500380559
42500380764
42500381277
42500381310
42500381549
42500381588
42500381770
42500381944
42500381997
42500382260
42500383468
42500383747
42500383754
42500384690
42500384753
42500385017
42500385200
42500386209
42500386527
42500387631
42500387722
42500388426
42500388440
42500388887
42500389327
42500389350
42500389469
42500390020
42500390043
42500390128
42500391392
42500391739
42500391972
42500392429
42500392797
42500392927
42500393029
42500393217
42500393832
42500394007
42500394037
42500394516
42500395456
42500395481
42500395536
42500395891
42500396170
42500396597
42500396947
42500398622
42500398932
42500399442
42500401790
42500402024
42500402108
42500402202
42500402489
42500402589
42500404561
42500405187
42500405882
42500406371
42500406534
42500407884
42500409155
42500409219
42500409502
42500410120
42500410144
42500410174
42500410493
42500410498
42500410639
42500410832
42500410902
42500411000
42500411048
42500411138
42500411528
42500411772
42500412015
42500412019
42500412121
42500412266
42500412598
42500412679
42500412797
42500412906
42500413063
42500413183
42500413280
42500413420
42500413734
42500413873
42500413992
42500415018
42500415196
42500415272
42500415429
42500415618
42500415707
42500415869
42500415875
42500416135
42500416276
42500416794
42500416892
42500417079
42500417336
42500417622
42500417945
42500418201
42500418433
42500418692
42500418910
42500419532
42500420086
42500420738
42500420788
42500421731
42500422101
42500422253
42500422592
42500422726
42500422828
42500422996
42500423418
42500423611
42500423809
42500424508
42500424856
42500425065
42500425186
42500425402
42500425477
42500425733
42500425752
42500425826
42500426135
42500426404
42500426601
42500426686
42500427260
42500427516
42500427559
42500427714
42500427729
42500427909
42500428119
42500428705
42500428771
42500428973
42500429111
42500429382
42500429595
42500429717
42500431081
42500431243
42500431360
42500431580
42500432769
42500437054
42500437607
42500437612
42500440766
42500440993
42500441209
42500441593
42500442208
42500442245
42500442941
42500443192
42500444101
42500444128
42500444876
42500444909
42500446139
42500446626
42500446712
42500447338
42500448062
42500449151
42500449263
42500450008
42500450587
42500450729
42500450945
42500451233
42500451276
42500451484
42500451504
42500451630
42500451666
42500451939
42500452007
42500452030
42500452505
42500452675
42500452914
42500453222
42500454154
42500454748
42500454764
42500454769
42500455224
42500455946
42500456039
42500456096
42500456610
42500456624
42500456678
42500456789
42500456914
42500457059
42500457267
42500457458
42500457507
42500457773
42500457938
42500458059
42500458207
42500458773
42500458928
42500459012
42500459074
42500459238
42500459376
42500461220
42500461330
42500463544
42500465224
42500465626
42500465707
42500466867
42500466989
42500467029
42500468384
42500469368
42500469610
42500469683
42500470349
42500470991
42500471078
42500472001
42500472839
42500473405
42500474546
42500475017
42500475120
42500475255
42500475474
42500475516
42500475808
42500475932
42500476208
42500476330
42500476718
42500476827
42500476922
42500478027
42500478110
42500478827
42500478919
42500480140
42500480540
42500480552
42500481675
42500481730
42500481840
42500481905
42500482595
42500482715
42500483100
42500484065
42500485345
42500485415
42500485830
42500486195
42500486440
42500486660
42500487115
42500487240
42500487260
42500487388
42500487760
42500487845
42500487990
42500488160
42500488995
42500489615
42500489770
42500489905
42570026000
42570086000
42570116001
42570133000
42570162000
42570174000
42570174001
42570178000
42570194001
42570200000
42570207000
42570207001
42570219000
42570222000
42570231000
42570232001
42570232002
42570246001
42570249000
42570249001
42570251000
42570251001
42570259000
42570260001
42570261000
42570261001
42570261002
42570264001
42570264002
42570265001
42570267000
42570271000
42570272001
42570273000
42570274001
42570275000
42570277000
42570291001
42570291002
42570296000
42570296001
42570298001
42570308000
42570316000
42570326000
42570340001
42570341000
42570343001
42570350000
42570361000
42570362001
42570367001
42570371000
42570371001
42570381001
42570381002
42570387000
42570395001
42570398000
42570409001
42570414000
42570454000
42570482001
42572201001
42572202000
42572202001
42572202003
42572203000
42572205000
42572205001
42572205002
42572206000
42572206002
42572206003
42572206005
42572206007
42572207001
42572207003
42572209001
42572210001
42572211000
42572212002
42572213000
42572216004
42572217000
42572217003
42572218000
42572219000
42572221000
42572223000
42572223002
42572223004
42572225001
42572225002
42572226000
42572226004
42572226005
42572227001
42572228000
42572228002
42572228003
42572229000
42572231001
42572231005
42572231007
42572233005
42572234000
42572234004
42572235000
42572235007
42572240000
42572241001
42572242000
42572243000
42572243001
42572243002
42572243003
42572248000
42572248001
42572248003
42572249002
42572250000
42572250001
42572250002
42572251002
42572251003
42572251004
42572251006
42572253002
42572253003
42572253004
42572253005
42572253006
42572254000
42572254003
42572255000
42572255001
42572256000
42572256001
42572257001
42572257002
42572257004
42572257006
42572259000
42572259001
42572259002
42572259005
42572260000
42572260003
42572261000
42572261003
42572262001
42572263000
42572263001
42572265000
42572265002
42572265003
42572266000
42572266001
42572267000
42572267001
42572270001
42572271000
42572273002
42572273003
42572274000
42572274001
42572278000
42572278002
42572278006
42572278007
42572280000
42572280002
42572280003
42572281001
42572281002
42572286001
42572286002
42572286004
42572286005
42572289002
42572290000
42572290001
42572290003
42572291001
42572291002
42572293000
42572293002
42572295000
42572297001
42572297003
42572297004
42572297007
42572303002
42572305001
42572306000
42572306007
42572308001
42572308003
42572308004
42572309001
42572309002
42572311000
42572312002
42572312008
42572312009
42572314000
42572314004
42572315000
42572315008
42572317000
42572317002
42572320002
42572323001
42572323003
42572324000
42572326000
42572326001
42572326004
42572327000
42572327003
42572330001
42572330002
42572332001
42572334000
42572334005
42572334007
42572340000
42572340002
42572340005
42572344000
42572344002
42572351000
42572352002
42572352004
42572352008
42572353000
42572354002
42572355002
42572356000
42572360001
42572360003
42572363000
42572364001
42572364003
42572365000
42572365003
42572365005
42572365006
42572365008
42572365009
42572371005
42572374000
42572374002
42572374005
42572376003
42572376004
42572381001
42572381002
42572382001
42572382002
42572383002
42572384000
42572386000
42572386003
42572387000
42572390002
42572391001
42572391002
42572394000
42572394001
42572401000
42572402001
42572402002
42572403000
42572403005
42572404001
42572404002
42572405000
42572405002
42572405003
42572406000
42572406002
42572407000
42572407001
42572407002
42572407004
42572408000
42572408003
42572408006
42572408010
42572409001
42572409002
42572409003
42572409004
42572410000
42572411000
42572412000
42572412002
42572414000
42572414004
42572414005
42572417003
42572417010
42572421000
42572421002
42572422000
42572422001
42572423000
42572424003
42572425000
42572425001
42572426003
42572428000
42572428001
42572428005
42572429000
42572432000
42572434000
42572434002
42572434003
42572435000
42572435002
42572438000
42572438003
42572438004
42572439001
42572439005
42572440000
42572440001
42572440004
42572445000
42572445001
42572446002
42572446003
42572446006
42572446008
42572449003
42572450000
42572450001
42572451000
42572451003
42572455001
42572456000
42572456003
42572458000
42572462000
42572462002
42572462006
42572464000
42572464002
42572464004
42572465000
42572466001
42572469000
42572469002
42572469003
42572469004
42572469005
42572469006
42572469008
42572471001
42572471006
42572471011
42572476000
42572476004
42572480002
42572480003
42572481002
42572483002
42572483003
42572483004
42572486000
42572488002
42572489001
42572491001
42572491002
42572491003
42572492000
42572493000
42572494000
42572501001
42572501002
42572502003
42572503002
42572503006
42572504002
42572504003
42572507004
42572508000
42572508001
42572509000
42572513000
42572514001
42572514004
42572518001
42572518005
42572520000
42572520005
42572521000
42572521002
42572523001
42572523006
42572524000
42572524001
42572524005
42572525000
42572528004
42572528006
42572530000
42572530002
42572530004
42572531005
42572532000
42572533000
42572534000
42572535000
42572536000
42572536003
42572537000
42572537001
42572537002
42572537003
42572537006
42572539002
42572539003
42572540001
42572543002
42572544000
42572544002
42572545002
42572545004
42572546000
42572547000
42572548003
42572549004
42572550000
42572551006
42572552000
42572553000
42572554004
42572556000
42572557000
42572561000
42572561001
42572561002
42572562000
42572566002
42572567000
42572569000
42572569002
42572570001
42572572000
42572572007
42572576000
42572578000
42572578003
42572578006
42572578007
42572578008
42572578011
42572582001
42572583002
42572591000
42572597000
42572597004
42572597005
42572597009
42572597010
42572604001
42572605000
42572605001
42572613001
42572614002
42572619001
42572619002
42572619004
42572635000
42572636000
42572636001
42572636005
42572637000
42572637002
42572638000
42572638002
42572639000
42572639002
42572640000
42572641000
42572643002
42572643005
42572644000
42572645000
42572645006
42572651000
42572654000
42572655000
42572655001
42572655002
42572658002
42572662005
42572670002
42572677000
42572677002
42572681000
42572683000
42572683004
42572688000
42572688004
42572688007
42572693000
42572694000
42572694001
42572694003
42572698000
42572698005
42572698006
42572698009
42572712000
42572712001
42572713001
42572734000
42572734001
42572734004
42572743000
42572743003
42572744001
42572745000
42572745003
42572747000
42572753000
42572753001
42572753009
42572758002
42572758003
42572758004
42572764000
42572765001
42572765005
42572765006
42572767000
42572772002
42572772007
42572772008
42572772009
42572773000
42572773004
42572773007
42572775002
42572775003
42572777003
42572781000
42572781005
42572784003
42572784004
42572785001
42572786003
42572788002
42572792000
42572792003
42572793000
42572793001
42572793003
42572793006
42572793008
42572793009
42572797000
42572797002
42574002006
42574003002
42574201003
42574201007
42574206002
42574341002
42574357003
42574365001
42574370004
42574370009
42574392001
42574392003
42574413004
42574413006
42574421001
42574431001
42574431002
42574431004
42574433002
42574433008
42574437002
42574445003
42574455000
42574466001
42574466003
42574480007
42574480008
42574486001
42574486002
42574490001
42574490004
42574490005
42574491000
42574492002
42574494001
42574494002
42574500002
42574500004
42574500005
42574501002
42574501003
42574506001
42574506002
42574506004
42574509001
42574509002
42574509003
42574516002
42574521005
42574531001
42574542005
42574545003
42574545004
42574545005
42574546001
42574551001
42574556003
42574556006
42574556009
42574570000
42574570001
42574594002
42574595001
42574598001
42574598002
42574604000
42574606001
42574611001
42574612001
42574630002
42574635001
42574635002
42574635004
42574638002
42574640005
42574640006
42574647004
42574647007
42574648001
42574649002
42574662002
42574671003
42574693003
42574699002
42574702002
42574702003
42574718001
42574724002
42574731000
42574732001
42574732003
42574732005
42574732006
42574733002
42574740000
42574750001
42574752001
42574753003
42574754001
42574754003
42574769002
42574769004
42574775001
42574777001
42574777002
42574777004
42574777005
42574778002
42574778003
42574781003
42574781004
42574788001
42574790002
42574790003
42574791002
42574794000
42574795002
42574795003
42591066000
42591155001
42591162001
42591165000
42591165001
42591176001
42591178001
42591178002
42591182000
42591186000
42591186001
42591189001
42591189002
42591190000
42591190001
42591196001
42591285000
42778016000
42778016001
42978384000
43104202001
43104202002
43104210000
43104220000
43104221000
43104231000
43104250000
43104261000
43104261001
43104312000
43104320000
43104330001
43104339001
43104360000
43104390000
43278897000
43378925000
43378925002
43478866000
43478988000
43578526000
43578526002
43578526003
43578526004
43578526005
43578526006
43578526007
43578526008
43578526010
43578526011
43578526012
43578526013
43578526014
43578535001
43578535002
43578535003
43578535004
43871805000
44078526001
44078526009
44078543001
44078543002
44078547001
50194101000
50194102000
50194117000
50194119000
50194120000
50194124000
50194132000
50194137000
50194138000
50194139000
50194140000
50194142000
50194144000
50194146000
50194150000
50194170001
50194175000
50194184000
50194185000
50194186000
50194187000
50194200000
50194201001
50194202000
50194203000
50194205000
50194208000
50194209001
50194212000
50194213000
50194214000
50194214001
50194220000
50194229000
50194232000
50194236000
50194237000
50194237001
50194237002
50194238000
50194238002
50194239000
50194242000
50194248000
50194255000
50194256000
50194259000
50194267000
50194267001
50194268000
50194269000
50194275000
50194275001
50194276000
50194283000
50194283001
50194285000
50194285001
50194287000
50194288001
50194291000
50194292000
50194294000
50194294001
50194300000
50194302000
50194304000
50194305000
50194306000
50194306001
50194309000
50194309001
50194312000
50194312001
50194313000
50194315000
50194315001
50194318000
50194318001
50194319000
50194320000
50194322000
50194324000
50194325001
50194326000
50194327000
50194329000
50194332000
50194332001
50194333000
50194337000
50194339000
50194340000
50194343000
50194345000
50194346000
50194350000
50194351000
50194355000
50194356001
50194359000
50194360000
50194363001
50194366001
50194367000
50194367001
50194369000
50194369001
50194374000
50194374001
50194374002
50194375000
50194376001
50194377001
50194380000
50194387000
50194387001
50194387002
50194388000
50194390000
50194401000
50194402001
50194403000
50194404000
50194410000
50194411000
50194411001
50194414000
50194415000
50194416000
50194422001
50194428000
50194428001
50194430000
50194439000
50194440000
50194444000
50194444001
50194445000
50194446000
50194448000
50194449000
50194461000
50194461001
50194463000
50194466000
50194476000
50194480000
50194480001
50194481000
50194482000
50194485000
50194488000
50194492000
50194494000
50194500000
50194500001
50194510000
50194511000
50194513000
50194514000
50194515001
50194516000
50194520000
50194521000
50194525000
50194527000
50194529000
50194530001
50194541000
50194541001
50194541002
50194542001
50194543000
50194549000
50194549001
50194550000
50194551000
50194551001
50194551002
50194552000
50194555000
50194555001
50194555002
50194556000
50194556001
50194564001
50194566000
50194568000
50194568001
50194568002
50194569001
50194571000
50194574000
50194575000
50194575001
50194578000
50194578002
50194579001
50194580001
50194581001
50194581002
50194582000
50194586000
50194587000
50194589000
50194594000
50194595000
50194600000
50194600001
50194601000
50194603000
50194604001
50194605001
50194608001
50194610000
50194611000
50194611001
50194612000
50194616000
50194617000
50194619000
50194620000
50194621000
50194622000
50194622001
50194623000
50194624000
50194625000
50194625001
50194625002
50194626000
50194626001
50194627000
50194629000
50194629001
50194630000
50194632000
50194633000
50194634000
50194635000
50194636000
50194637000
50194637001
50194638000
50194639000
50194642000
50194645000
50194647000
50194649000
50194653000
50194654000
50194655000
50194656000
50194657000
50194659000
50194660000
50194661000
50194663000
50194664000
50194665000
50194666000
50194667000
50194668000
50194669000
50194669001
50194670000
50194671001
50194672000
50194673000
50194674000
50194675000
50194675001
50194676000
50194679000
50194679001
50194679002
50194680000
50194681000
50194681001
50194681002
50194682001
50194687000
50194688000
50194689000
50194689001
50194693000
50194693001
50194694000
50194695000
50194696000
50194697000
50194698000
50194699000
50194700001
50194703000
50194706000
50194706001
50194707001
50194708000
50194709000
50194711000
50194712001
50194712002
50194712003
50194713000
50194714000
50194714001
50194716000
50194717000
50194717001
50194718000
50194718001
50194719000
50194719001
50194719002
50194720000
50194720001
50194723000
50194726000
50194726001
50194726002
50194726003
50194727001
50194728000
50194730000
50194730001
50194731000
50194734000
50194734001
50194735000
50194735001
50194739000
50194741000
50194742001
50194743001
50194744000
50194747000
50194747001
50194747002
50194748000
50194748001
50194750000
50194756000
50194761000
50194764001
50194765000
50194767000
50194768000
50194770000
50194771000
50194773000
50194773001
50194774000
50194774001
50194776000
50194776001
50194778000
50194784000
50194784001
50194787000
50194787001
50194788000
50194790000
50194791000
50194791001
50194802000
50194802001
50194804000
50194805000
50194806000
50194807000
50194810000
50194812000
50194815000
50194816000
50194818000
50194819000
50194819001
50194820000
50194821000
50194822000
50194824001
50194825001
50194826000
50194826001
50194827000
50194828000
50194829000
50194830000
50194831001
50194832000
50194833001
50194834000
50194840001
50194840002
50194841001
50194841002
50194842000
50194842001
50194843000
50194844001
50194845001
50194845002
50194849001
50194849002
50194851000
50194852000
50194852001
50194853001
50194853002
50194855001
50194856001
50194858001
50194861000
50194862001
50194862002
50194863001
50194865000
50194866000
50194866001
50194868000
50194869000
50194869001
50194870000
50194871001
50194874000
50194874001
50194874002
50194876001
50194877001
50194880001
50194880002
50194880003
50194882000
50194882001
50194882002
50194884000
50194890001
50194893000
50194895000
50194895001
50194896000
50194899000
50194899001
50194901000
50194903001
50194907000
50194907001
50194910000
50194910001
50194911000
50194912000
50194915000
50194916000
50194917000
50194918000
50194922001
50194923000
50194923001
50194926000
50194926001
50194926002
50194927001
50194928000
50194931000
50194932000
50194933000
50194934001
50194937000
50194938001
50194940000
50194941001
50194950001
50194951001
50194952001
50194952002
50194958001
50194961001
50194962000
50194964001
50194965000
50194967000
50194968000
50194969001
50194969002
50194970001
50194971001
50194972001
50194974001
50194975000
50194978001
50194980001
50194981001
50194982001
50194983000
50194995000
50194998000
50195307001
50195310000
50195314000
50195362000
50195400000
50195400001
50195458000
50195512001
50195512002
50195520000
50195533000
50195541001
50195572000
50195572001
50195574000
50195600000
50195606000
50195608001
50195610001
50195611000
50195613000
50195614000
50195618000
50195624000
50195626000
50195627000
50195628000
50195645000
50195646000
50195655000
50195660000
50195664000
50195666001
50195667001
50195676000
50195677000
50195678001
50195704000
50195707000
50195707001
50195707002
50195715001
50195723000
50195727000
50195735001
50195746000
50195750000
50195750001
50195753000
50195753001
50195758001
50195758002
50195762000
50195773001
50195774001
50195810000
50195812000
50195814000
50195817001
50195834000
50195834001
50195842000
50195842001
50195842002
50195842003
50195853000
50195871000
50195871001
50195881000
50195884000
50195904000
50195908000
50195909000
50195930000
50195935001
50195950001
50195951001
50195953001
50195955001
50195957001
50195960001
50195968001
50195970001
50195979001
50195979002
50195979003
50195984001
50195989001
50291650000
50291652000
50291659000
50291660000
50291680000
50291683000
50291690000
50291699000
50396035000
50396073000
50396091000
50396109000
50396147001
50396163001
50396171001
50396195000
50396221000
50396237000
50396253000
50396273000
50396295000
50396509000
50396533000
50396581000
50396633000
50396685000
50396737000
50396739000
50396745000
50396745001
50396745002
50396747000
50396747001
50396753000
50396781000
50396791000
50396797000
50396801000
50396805000
50396839000
50396853000
50396881000
50396925000
50396933000
50396935001
50396973000
50397014000
50397048000
50397146000
50397182000
50397230000
50397240000
50397340000
50397372000
50397390000
50397390001
50397395000
50397502000
50397530000
50397560000
50397686000
50397690001
50397724000
50397760000
50397796000
50397810000
50397900000
50397980000
50491487000
50491490000
50491610000
50491629000
50491701000
50491902000
50548601000
50548603001
50548615000
50548618000
50548620000
50548625001
50548632001
50548647000
50548657000
50548665000
50548674000
50548679001
50596413000
50596421000
50596441000
50596449000
50596465000
50596471000
50596491000
50691530001
50691533000
50793012000
50793112000
50793116001
50793116002
50793116003
50793119000
50793292000
50793309000
50793373000
50793436001
50793546000
50793615000
50793780000
50793780001
50793844000
50793890001
50793893001
50793945000
50793987000
50793994000
50894003000
50894004001
50894005001
50894010000
50894014000
50894016000
50894027000
50894035000
50894044000
50894070000
50894077001
50894085000
50998133000
50998135000
50998222000
50998223000
50998232000
50998233000
50998324000
50998325000
50998327001
50998328000
50998330000
50998333000
50998336000
50998425000
50998426001
50998427000
50998428000
50998429000
50998430000
50998431000
50998432000
50998434000
50998435000
50998437000
50998440000
50998444000
50998446000
50998526000
50998536000
50998538000
50998543000
50998546000
50998548000
50998550000
50998553001
50998618000
50998630000
50998637000
50998637001
50998637002
50998637003
50998642000
50998644000
50998645001
50998645002
50998646000
50998653000
50998741000
50998748000
50998748001
50998751000
50998753001
50998755000
50998830001
50998836000
50998836001
50998851000
51148694001
51148698000
51291502000
51291503000
51291507000
51291517000
51291520000
51291527000
51291541000
51791780000
51791792001
51891643000
51891648000
52091551001
52091554000
52091557001
52091568000
52191765000
52396995000
52496996000
52591800000
52591804000
52591811000
52591830000
52591843000
52694299000
52791203000
52791334000
52791348000
52791356000
52791413000
52891925000
52891930000
52891930001
52891938000
52891943000
52891944000
52891944001
52891945000
52891948000
52891950000
52891952000
52891954000
52891958000
52991217000
53091275000
53191250000
53191366000
53191376000
53291577000
53291590000
53291592000
53391822000
53494996000
53591212000
53591218000
53591232000
53691408000
53791960000
53891720000
53891724000
53991245000
54091753000
54191762000
60113600000
60113615000
60113622000
60113629000
60237686000
60237789000
60311010000
60311012000
60311020001
60311028000
60311035000
60311120000
60311146000
60311150000
60311231000
60311234001
60311240000
60311320000
60311320001
60437735001
60437851000
60437985000
60526850000
60533008000
60533038000
60606447000
60713228001
60713242001
60713244000
60713262000
60713340001
60713348001
60713352001
60713353001
60714654000
60815505000
60815511000
60815525001
60815549001
60815552000
60815613000
60815614000
60815615000
60815625000
60815627000
60815655000
60914236000
60914240000
60914241000
60914258000
60914279001
60914307000
60914317001
60914370000
60914431000
60914444000
60914445000
60914447000
60914474000
61017600001
61017607001
61017609000
61111406000
61111418000
61111438001
61111464000
61111502001
61111518000
61111518001
61111520000
61111643001
61111643002
61111659001
61111679001
61111723000
61111735001
61111782000
61206030000
61206041000
61206048001
61206052001
61206066001
61206179001
61206186000
61206190000
61206190001
61206190002
61326038000
61326038001
61326231000
61326231001
61326233001
61402807000
61402836000
61402844001
61402845000
61402869000
61402874001
61402875000
61402897000
61402912000
61402912001
61402929000
61402935000
61402944001
61402958000
61402963000
61402971001
61402972000
61402974000
61507015000
61507037000
61507038000
61507039001
61507039002
61507055001
61507061001
61507090000
61507110000
61507140001
61507145000
61507149001
61507150000
61507156000
61507169001
61507179000
61507180000
61507190000
61507222000
61507230001
61507255000
61507280000
61507283001
61507354000
61507434000
61507460000
61507460001
61507471001
61507480000
61507491001
61507510000
61507560000
61507586001
61507621001
61507630000
61507643000
61507645000
61507648000
61507650000
61507660000
61507690000
61507747000
61507761000
61637385000
61637549000
61710020000
61710035000
61710046000
61710091001
61710120000
61710147000
61710152001
61710156000
61710170000
61710170001
61710177000
61710180001
61710181001
61710184000
61710203000
61710224000
61710249001
61710280001
61710315001
61710320000
61710338000
61710348000
61710361000
61710379000
61710381000
61710384000
61710393000
61710396001
61710410000
61710413001
61710425001
61710438000
61710444000
61710453000
61710453001
61710454000
61710466001
61710466002
61710469000
61710471001
61710476001
61710488000
61710499000
61710501000
61710513001
61710515001
61710546000
61710548000
61710554000
61710555001
61710555002
61710555003
61710578000
61710607001
61710607002
61710609000
61710614001
61710614002
61710616001
61710628000
61710633001
61710637000
61710639001
61710640001
61710677001
61710708000
61710727000
61710734001
61710738000
61710739000
61710763000
61710776000
61710803000
61710838001
61710866001
61710893000
61710929000
61710935001
61710961000
61710962000
61816622000
61816622001
61816641000
61816648000
61816650000
61816682001
61816687001
61816689000
61816714000
61816716000
61816723000
61816726000
61816734000
61816746000
61816754000
61912772000
61912815000
61912840000
61912843000
61912882000
61912941001
61912942000
61912982000
62004013000
62004018000
62004030000
62004048000
62004063000
62004065000
62004082000
62004092000
62103952000
62103953000
62103955000
62103957000
62103960000
62103962000
62103964001
62103965000
62103967000
62103969000
62103970000
62103971000
62103974000
62103976000
62103980000
62240153001
62240176001
62240176002
62240176003
62240180000
62240184000
62240184001
62240191000
62240199000
62316022001
62316036001
62316040000
62316045000
62316059000
62316061000
62316066000
62316072001
62316080000
62316084001
62316088000
62316090000
62316095000
62316105000
62316108000
62316110000
62316116001
62316119001
62316120000
62316129000
62316140000
62316142001
62316146000
62316149000
62316149001
62316158000
62316164001
62316168000
62316170000
62316170001
62316172000
62316179000
62316191000
62316191001
62316191002
62316197001
62316197002
62316206000
62316224000
62316230000
62316232000
62316234000
62316235000
62316239000
62316239001
62316242001
62316243000
62316244000
62316245000
62316252000
62316258000
62316261000
62316261001
62316263001
62316263002
62316270000
62316280000
62316280001
62316289000
62316294001
62316300000
62316310000
62316312000
62316316000
62316320000
62316324001
62316325000
62316332000
62316332001
62316337000
62316344001
62316350000
62316360000
62316362001
62316362002
62316400000
62316410000
62316410001
62316410002
62316415001
62316420000
62316429000
62316434001
62316450000
62316459000
62316460000
62316470000
62316480000
62316490000
62316506000
62316520000
62316520001
62316520002
62316531000
62316531001
62316538000
62316538001
62316539000
62316560000
62316564000
62440250000
62440255000
62440270000
62440290000
62440290001
62440310000
62440340000
62534398000
62626238001
62626406000
62626422000
62626425001
62740100000
62740101001
62740102000
62740103000
62826629000
62826730000
62906585000
62906589001
62906590000
62906597001
63016597000
63133815000
63213363000
63213457000
63213462000
63213562000
63306260000
63306380000
63401001000
63401005001
63401008000
63401010001
63401025000
63401028000
63401049000
63401052001
63401055001
63401065000
63401068001
63401074001
63401092000
63401098000
63401112001
63401152000
63401212000
63401238000
63401238001
63401241000
63401258001
63401288000
63401306000
63401317000
63401351001
63401357001
63401384000
63401403000
63401415000
63401450001
63401465000
63401482000
63401489001
63512100000
63512105000
63512115000
63512120000
63512125000
63512135000
63512145001
63512150001
63512160000
63512185000
63512195000
63512200000
63512205000
63512210000
63512215000
63512230000
63512235000
63512250000
63512270000
63512272000
63512280000
63512280001
63512285000
63512295000
63512300000
63512310000
63512330000
63512345000
63512360000
63512374000
63512375000
63512385000
63512399000
63512399001
63512400000
63512415000
63512418000
63512424000
63512465000
63512469000
63512495000
63512497000
63512500000
63512510000
63512520000
63512520001
63512530000
63512550000
63512560000
63512566000
63512570000
63512575000
63512580000
63512585000
63512595000
63512600000
63512625000
63512660000
63512660001
63512690000
63512695000
63608502000
63608506000
63608509000
63608512001
63608513000
63608515000
63608530000
63608535000
63608538000
63608543000
63608545000
63608546000
63608549000
63608554000
63608557000
63608562000
63608567000
63608568000
63608568001
63608571000
63608571001
63608575000
63715004001
63715052000
63715080000
63715085000
63715090000
63715111000
63715120000
63715120001
63715235001
63715247000
63715260000
63715280000
63715296001
63715360000
63715420000
63715480000
63822113000
63822165000
63822217000
63822422000
63822522000
63822550000
63822583000
63822602000
63822641000
63822802000
63822820000
63822837000
63822854000
63822887000
63826063000
63826063001
63826179000
63826258000
63826285001
63826289000
63826298000
63826477000
63826600001
63826702000
63826781000
63826898000
63827037000
63827051000
63827196000
63827333000
63827453001
63827553001
63827595000
63827612000
63827648000
63827665000
63827823000
63827947000
63834009000
63834123000
63834139000
63834163000
63834172000
63834336000
63834344000
63834391000
63834560000
63834560001
63834646001
63834731000
63834747000
63834759000
63834824000
63834861000
63834866000
63834880000
63834929000
63834949000
63837004001
63837018000
63837031000
63837050000
63837054000
63837099000
63837235000
63837472000
63913067000
63913160000
63913174000
63913183000
63913266000
63913269000
63913272000
63913274000
63913279000
63913285000
63913289000
63913295000
63913367000
63913376000
63913384000
63913388000
63913397000
63913473000
63913477000
64111816000
64111903000
64111916000
64111918001
64111930000
64111934000
64111968000
64112650000
64214014000
64214015000
64214026000
64214105001
64308001000
64308015000
64308023000
64308025000
64308027000
64308042000
64308053000
64308075000
64308141000
64308160000
64308160001
64308171001
64308181001
64308184001
64308202000
64308215000
64308220001
64308221000
64308227001
64308285000
64308286000
64308306000
64308306001
64308314000
64308330000
64308330001
64308359000
64308373001
64308391001
64308397000
64308419000
64308449000
64308449001
64308487000
64360338000
64502080000
64502128001
64502142000
64502183001
64502196000
64502226000
64502361001
64502418000
64502439001
64502456001
64502458000
64502464000
64502512000
64502512001
64502550000
64502576001
64502590000
64502620001
64502627001
64606610000
64606630001
64606642001
64606660000
64606680000
64606700000
64606700001
64606719001
64606730000
64606753001
64606770000
64740001000
64740007000
64740022000
64740030000
64740045000
64740061000
64740080000
64813493000
64813578000
64813583000
64813586000
64813592000
64917022000
64917022001
64917022002
64917022003
64917022004
64917022005
64917024000
64917024001
64917026000
64917029001
64917030000
64917030001
64917034000
64917034001
64917034002
64917034003
64917038000
64917038001
64917040001
64917040002
64917040003
64917042001
64917045000
64917045001
64917045002
64917050000
64917050001
64917052000
64917052001
64917052002
64917056000
64917056001
64917059001
64917059002
64917059003
64917060000
64917060001
64917062000
64917062001
64917062002
64917062003
64917067001
64917068001
64917068002
64917069000
64917070000
64917070001
64917070002
64917070003
64917074000
64917074001
64917082000
64917084000
64917085000
64917085001
64917085002
64917086000
64917088000
64917088001
64917090000
64917090001
64917090002
64917090003
64917090004
64917092000
64917092001
64917096000
64917096001
64917096002
64917096003
64917096004
64917098000
64917098001
64917098002
64917099000
64917100000
64917100001
64917100002
64917110000
64917112000
64917112001
64917112002
64917112003
64917115000
64917115001
64917115002
64917115003
64917115004
64917116000
64917116001
64917116002
64917116003
64917116004
64917116005
64917124000
64917124001
64917124002
64917124003
64917128000
64917128001
64917128002
64917128003
64917128004
64917129000
64917129001
64917129002
64917130000
64917130001
64917130003
64917140000
64917140001
64917140002
64917150000
64917150001
64917160000
64917160001
64917160002
64917162000
64917162001
64917162002
64917170000
64917170001
64917170002
64917170003
64917180000
64917180001
64917180002
64917180003
64917180004
64917184000
64917184001
64917186001
64917188000
64917188001
64917188002
64917190000
64917190001
64917190002
64917190003
64917193000
64917193001
64917193002
64917193003
64917195000
64917195001
64917195002
64917195003
64917195004
64917200000
64917200001
64917200002
64917202000
64917202001
64917202002
64917202003
64917202004
64917202005
64917203000
64917203001
64917203002
64917204000
64917204001
64917204002
64917205000
64917205001
64917205002
64917205003
64917210000
64917210001
64917218001
64917218002
64917219001
64917219002
64917219003
64917220001
64917220002
64917234000
64917234001
64917234002
64917234003
64917234004
64917237000
64917237001
64917237002
64917237003
64917240000
64917240001
64917240002
64917240003
64917244000
64917244001
64917244002
64917244003
64917244004
64917244005
64917244006
64917244007
64917244008
64917248000
64917248001
64917248002
64917248003
64917250000
64917255000
64917255001
64917255002
64917260000
64917260001
64917260002
64917270000
64917270001
64917275000
64917275001
64917275003
64917280000
64917280001
64917282000
64917285000
64917285001
64917285002
64917290000
64917290001
64917292000
64917292001
64917295000
64917295001
64917295002
64917298001
64917300000
64917300001
64917300002
64917320000
64917320001
64917320002
64917320003
64917330000
64917330001
64917340000
64917340001
64917350000
64917350001
64917350002
64917351001
64917351002
64917351003
64917352001
64917352002
64917370000
64917370001
64917370002
64917370003
64917370004
64917375000
64917375001
65033301000
65033345000
65033377000
65033393000
65033506000
65033562000
65033587000
65033631000
65033658000
65033699001
65033711000
65033837000
65033846000
65033889000
65033910000
65033915000
65033934000
65033945001
65033946000
65033966001
65033976000
65033983000
65033990000
65034300000
65034523001
65034524001
65034601000
65103005000
65103026000
65103038000
65103038001
65103055001
65103068001
65103072001
65103091000
65103100000
65103140000
65103160000
65103160001
65103162000
65103209001
65103241001
65103242001
65103257000
65103292001
65103302000
65103316001
65103329001
65103334000
65103334001
65103345001
65103355001
65103377000
65103482001
65103482002
65103482003
65103496001
65103501001
65103521001
65103534000
65103534001
65103560001
65103590001
65103649001
65103649002
65103649003
65103657001
65103670001
65103672001
65103683001
65103683002
65103696001
65103696002
65103715000
65103743000
65103761001
65103776000
65103779001
65103817001
65103827000
65103862000
65103865000
65103874001
65103894000
65103917000
65206011000
65308495000
65308495001
65408522000
65408524000
70088963001
70089001000
70089002000
70089009000
70089022000
70089034000
70089034001
70089050000
70089053001
70089053002
70089053003
70089055000
70089055001
70089055002
70089055003
70089059001
70089061000
70089062000
70089063000
70089066000
70089125000
70089512000
70089532000
70089542000
70089544000
70089564000
70089571000
70089592000
70089606000
70089606001
70089611000
70089642000
70089664000
70089665001
70188968000
80099901001
80099902001
80099903001
80099904001
80099905001
80099906001
80099907001
80099908001
80099909001
80099910001
80099911001
80099912001
80099913001
80099914001
